ship 0.439351 222 175 233 210
ship 0.330968 153 2 194 41
ship 0.124172 223 215 234 235
ship 0.111762 206 150 215 183
ship 0.111698 182 216 192 252
ship 0.098321 202 213 213 242
ship 0.050071 220 185 231 217
ship 0.039389 110 53 143 98
ship 0.035066 219 233 232 251
ship 0.030588 206 137 215 163
ship 0.026062 92 62 136 113
ship 0.025217 142 231 155 251
ship 0.024544 233 214 246 232
ship 0.022830 220 158 231 188
ship 0.021415 1 175 28 203
ship 0.017804 233 173 244 203
ship 0.014254 210 191 219 216
ship 0.010456 59 112 87 142
ship 0.008947 178 160 193 188
ship 0.008053 210 172 218 208
ship 0.006373 235 156 248 184
ship 0.005990 202 225 216 255
ship 0.005981 30 150 55 174
