ship 0.566683 237 232 249 244
ship 0.278622 241 205 253 217
ship 0.084251 104 220 113 228
ship 0.058795 88 219 96 227
ship 0.052820 47 205 54 213
ship 0.044321 209 235 216 244
ship 0.041701 147 226 155 233
ship 0.037073 182 228 189 238
ship 0.032944 61 205 70 214
ship 0.026366 186 235 192 244
ship 0.022797 161 229 169 237
ship 0.014536 208 230 215 239
ship 0.013711 67 216 74 224
ship 0.009236 166 238 173 246
ship 0.008651 121 224 129 231
ship 0.008649 104 208 113 216
ship 0.008091 145 202 157 210
ship 0.007074 85 209 92 216
ship 0.005521 209 202 219 212
