ship 0.398959 243 179 252 191
ship 0.173421 239 110 248 120
ship 0.147842 249 167 255 175
ship 0.116176 204 40 211 47
ship 0.057134 240 87 248 97
ship 0.054337 228 237 233 245
ship 0.051056 242 199 249 210
ship 0.046484 219 203 226 214
ship 0.043149 248 143 254 151
ship 0.032163 244 118 251 126
ship 0.015230 190 236 195 247
ship 0.014307 230 109 236 117
ship 0.013220 186 126 190 134
ship 0.012606 239 238 246 246
ship 0.010152 154 168 159 181
ship 0.008751 220 185 226 193
ship 0.008045 167 147 172 155
ship 0.008037 204 123 208 130
ship 0.006677 183 140 187 149
ship 0.006242 158 162 163 173
ship 0.005971 207 228 211 236
ship 0.005450 231 88 237 98
ship 0.005438 224 226 228 234
