ship 0.573118 226 220 246 237
ship 0.325381 64 172 78 180
ship 0.112341 156 44 171 61
ship 0.109699 240 5 252 15
ship 0.106588 228 83 235 90
ship 0.086854 158 57 171 69
ship 0.086828 106 158 113 165
ship 0.067683 127 64 138 76
ship 0.063365 184 29 198 41
ship 0.050148 104 153 111 159
ship 0.048911 58 237 66 248
ship 0.040296 142 59 158 73
ship 0.034195 10 138 20 146
ship 0.029584 20 136 33 145
ship 0.027535 61 110 81 121
ship 0.018590 44 121 55 130
ship 0.018046 120 238 127 244
ship 0.016701 25 130 36 137
ship 0.005999 179 61 188 70
ship 0.005516 74 106 89 118
