ship 0.441648 76 30 87 40
ship 0.387451 14 192 40 220
ship 0.267621 182 1 197 10
ship 0.243369 5 206 30 241
ship 0.145871 157 51 175 74
ship 0.102454 223 5 237 14
ship 0.091996 70 100 100 129
ship 0.083821 56 111 87 141
ship 0.051944 200 26 212 39
ship 0.039001 7 201 29 224
ship 0.036600 72 111 96 137
ship 0.035496 27 191 60 217
ship 0.033933 23 186 45 205
ship 0.032134 36 181 61 202
ship 0.031217 120 93 140 120
ship 0.018712 234 1 250 13
ship 0.016517 220 24 231 39
ship 0.014197 196 2 211 11
ship 0.012084 141 85 156 105
ship 0.011922 185 23 196 35
ship 0.011839 72 155 96 175
ship 0.010369 105 1 114 7
ship 0.008779 56 155 78 176
ship 0.007934 79 142 98 161
ship 0.007453 49 122 66 142
ship 0.005038 199 40 214 56
