ship 0.437130 98 238 105 250
ship 0.212614 190 235 198 245
ship 0.211733 182 100 187 110
ship 0.146764 198 236 208 245
ship 0.112863 186 162 197 181
ship 0.112103 82 70 89 81
ship 0.089664 94 238 101 250
ship 0.046548 188 173 199 186
ship 0.030874 199 229 206 238
ship 0.028473 104 181 111 193
ship 0.022224 123 200 132 212
ship 0.021810 190 229 198 239
ship 0.017461 106 102 112 114
ship 0.016296 183 93 188 101
ship 0.009569 84 78 90 90
ship 0.009212 70 68 77 81
ship 0.008555 68 78 76 90
ship 0.007447 93 221 99 232
ship 0.007204 100 224 106 234
ship 0.006399 204 206 211 216
ship 0.006188 105 200 112 212
ship 0.005330 88 101 93 112
