ship 0.408697 235 206 250 218
ship 0.250298 106 74 123 89
ship 0.244289 108 3 120 10
ship 0.215407 8 107 17 117
ship 0.197984 186 177 198 190
ship 0.179587 157 1 167 8
ship 0.156923 140 227 152 241
ship 0.144223 232 132 247 143
ship 0.137703 106 67 123 80
ship 0.136668 118 1 131 8
ship 0.103638 38 28 52 39
ship 0.093330 184 236 193 246
ship 0.086582 29 6 40 13
ship 0.079778 84 29 100 39
ship 0.038556 229 135 241 144
ship 0.033924 31 27 43 35
ship 0.032275 2 137 8 145
ship 0.027078 144 1 158 8
ship 0.022708 39 6 50 13
ship 0.021815 22 62 33 72
ship 0.019094 5 121 13 132
