ship 0.464081 202 3 210 11
ship 0.402890 48 11 57 20
ship 0.386777 7 109 16 118
ship 0.371792 5 136 15 145
ship 0.311261 47 49 59 60
ship 0.244764 184 11 193 18
ship 0.229040 7 124 18 134
ship 0.189419 40 127 51 141
ship 0.176049 82 81 96 91
ship 0.147862 121 12 134 20
ship 0.143712 161 41 174 50
ship 0.107403 100 90 114 97
ship 0.029677 142 9 154 16
ship 0.010526 162 11 172 17
ship 0.010386 178 22 186 29
ship 0.006711 216 1 224 10
ship 0.006238 84 64 96 72
ship 0.006237 48 21 57 30
ship 0.005493 120 66 134 74
ship 0.005042 32 128 40 138
