ship 0.323260 82 233 105 251
ship 0.125127 122 182 137 203
ship 0.063905 145 234 159 252
ship 0.058984 146 25 152 32
ship 0.033672 168 48 174 54
ship 0.022487 149 221 158 237
ship 0.020019 123 196 133 210
ship 0.013450 167 84 174 95
ship 0.012294 109 201 121 212
ship 0.012274 157 235 172 253
ship 0.011981 187 28 192 35
ship 0.010810 144 126 152 135
ship 0.010021 186 46 191 53
ship 0.009559 169 102 174 110
ship 0.009188 158 218 170 237
ship 0.007658 97 223 110 236
ship 0.006355 166 120 171 128
ship 0.006223 167 33 172 38
ship 0.005931 141 138 151 150
ship 0.005847 145 199 155 219
ship 0.005821 96 237 110 252
