ship 0.135243 202 32 209 43
ship 0.128183 201 38 208 48
ship 0.087012 85 238 91 247
ship 0.085041 150 155 159 171
ship 0.073484 119 239 129 251
ship 0.064089 73 224 79 233
ship 0.061761 196 75 205 89
ship 0.058270 145 77 152 91
ship 0.039278 51 200 59 210
ship 0.029523 184 229 190 239
ship 0.026462 79 224 85 235
ship 0.023133 182 234 189 245
ship 0.022767 178 42 186 55
ship 0.019994 104 198 111 209
ship 0.015729 185 74 194 89
ship 0.013631 178 71 187 84
ship 0.010496 172 45 178 55
ship 0.010107 127 159 136 175
ship 0.008683 103 183 112 199
ship 0.008046 102 163 110 178
ship 0.006671 171 69 176 80
