ship 0.635068 141 23 149 31
ship 0.547693 242 98 251 111
ship 0.279869 187 226 194 236
ship 0.138699 240 186 246 193
ship 0.116746 229 221 235 231
ship 0.097712 75 176 81 183
ship 0.096993 237 198 244 206
ship 0.068473 229 244 237 253
ship 0.065309 79 175 85 183
ship 0.048900 223 125 233 135
ship 0.045843 185 147 194 157
ship 0.034576 238 243 247 254
ship 0.033192 245 169 251 174
ship 0.028393 237 219 243 228
ship 0.027000 240 122 249 131
ship 0.024010 206 105 213 113
ship 0.017212 80 169 87 176
ship 0.013070 200 198 205 206
ship 0.011968 87 150 93 157
ship 0.010219 103 142 109 149
ship 0.008953 231 200 237 210
ship 0.008765 224 104 232 114
ship 0.006838 200 223 204 231
ship 0.006411 189 200 196 210
